@20
@0.053360 0.138680 -0.198360
@stroke 2 0 0
0.000000 -1.000000 0.000000 0.000000
@stroke-material
0.7 0.2 0.2
1.000000 0.000000 0.000000 1.000000
0.000000 20.000000 8.000000 1.000000
1.000000 1.000000 1.000000 1.000000
@stroke-edits 1
0.025120 0.035640 0.057480/0.050000 0.010000 0.010000 0.010000/0.164449 0.084165 -0.173835 0.967292/
@stroke 3 0 0
0.000000 -1.000000 0.000000 0.000000
@stroke-material
0.7 0.2 0.2
1.000000 0.000000 0.000000 1.000000
0.000000 20.000000 8.000000 1.000000
1.000000 1.000000 1.000000 1.000000
@stroke-edits 1
0.145080 -0.065600 0.129600/0.050000 0.010000 0.010000 0.010000/-0.053808 -0.165692 -0.011133 0.984646/
@stroke 4 0 0
0.000000 -1.000000 0.000000 0.000000
@stroke-material
0.7 0.2 0.2
1.000000 0.000000 0.000000 1.000000
0.000000 20.000000 8.000000 1.000000
1.000000 1.000000 1.000000 1.000000
@stroke-edits 1
-0.157720 -0.121240 0.191440/0.050000 0.010000 0.010000 0.010000/-0.161466 -0.081552 -0.050235 0.982219/
@stroke 5 0 0
0.000000 -1.000000 0.000000 0.000000
@stroke-material
0.7 0.2 0.2
1.000000 0.000000 0.000000 1.000000
0.000000 20.000000 8.000000 1.000000
1.000000 1.000000 1.000000 1.000000
@stroke-edits 1
0.043480 -0.243400 0.010040/0.050000 0.010000 0.010000 0.010000/-0.116388 -0.064104 -0.213322 0.967904/
@stroke 6 0 0
0.000000 -1.000000 0.000000 0.000000
@stroke-material
0.7 0.2 0.2
1.000000 0.000000 0.000000 1.000000
0.000000 20.000000 8.000000 1.000000
1.000000 1.000000 1.000000 1.000000
@stroke-edits 1
-0.062520 -0.269640 0.216240/0.050000 0.010000 0.010000 0.010000/0.180136 0.000507 0.179138 0.967192/
@stroke 7 0 0
0.000000 -1.000000 0.000000 0.000000
@stroke-material
0.7 0.2 0.2
1.000000 0.000000 0.000000 1.000000
0.000000 20.000000 8.000000 1.000000
1.000000 1.000000 1.000000 1.000000
@stroke-edits 1
0.028040 -0.086720 0.225040/0.050000 0.010000 0.010000 0.010000/0.028795 0.029746 -0.202447 0.978418/
@stroke 34 0 0
0.000000 -1.000000 0.000000 0.000000
@stroke-material
0.7 0.2 0.2
0.058823 1.000000 0.000000 1.000000
0.000000 20.000000 8.000000 1.000000
1.000000 1.000000 1.000000 1.000000
@stroke-edits 1
0.053560 -0.325360 0.051240/0.050000 0.010000 0.010000 0.010000/0.208663 0.029849 -0.141942 0.967172/
@stroke 35 0 0
0.000000 -1.000000 0.000000 0.000000
@stroke-material
0.7 0.2 0.2
0.058823 1.000000 0.000000 1.000000
0.000000 20.000000 8.000000 1.000000
1.000000 1.000000 1.000000 1.000000
@stroke-edits 1
-0.031480 -0.063960 0.328480/0.050000 0.010000 0.010000 0.010000/-0.073330 -0.115964 -0.073315 0.987826/
@stroke 36 0 0
0.000000 -1.000000 0.000000 0.000000
@stroke-material
0.7 0.2 0.2
0.058823 1.000000 0.000000 1.000000
0.000000 20.000000 8.000000 1.000000
1.000000 1.000000 1.000000 1.000000
@stroke-edits 1
0.095560 -0.224320 -0.000160/0.050000 0.010000 0.010000 0.010000/-0.033182 0.153879 -0.006521 0.987511/
@stroke 197 0 0
0.000000 -1.000000 0.000000 0.000000
@stroke-material
0.7 0.2 0.2
1.000000 0.000000 0.441177 1.000000
0.000000 20.000000 8.000000 1.000000
1.000000 1.000000 1.000000 1.000000
@stroke-edits 1
-0.165760 -0.217280 0.091000/0.050000 0.010000 0.010000 0.010000/0.205708 -0.008921 -0.116000 0.971673/
@stroke 198 0 0
0.000000 -1.000000 0.000000 0.000000
@stroke-material
0.7 0.2 0.2
1.000000 0.000000 0.441177 1.000000
0.000000 20.000000 8.000000 1.000000
1.000000 1.000000 1.000000 1.000000
@stroke-edits 1
0.117200 0.019000 0.359960/0.050000 0.010000 0.010000 0.010000/-0.023942 0.121910 -0.130252 0.983666/
@stroke 199 0 0
0.000000 -1.000000 0.000000 0.000000
@stroke-material
0.7 0.2 0.2
1.000000 0.000000 0.441177 1.000000
0.000000 20.000000 8.000000 1.000000
1.000000 1.000000 1.000000 1.000000
@stroke-edits 1
-0.078560 -0.069520 0.233960/0.050000 0.010000 0.010000 0.010000/-0.082313 0.182251 0.056647 0.978162/
@stroke 105 0 0
0.000000 -1.000000 0.000000 0.001000
@stroke-material
0.22 0.81 0.2
0.000000 0.823529 1.000000 1.000000
0.000000 20.000000 8.000000 1.000000
1.000000 1.000000 1.000000 1.000000
@stroke-edits 1
0.053360 0.138680 -0.198360/0.050000 0.010000 0.010000 0.010000/-0.085311 -0.297011 -0.229678 0.922906/
@stroke 106 0 0
0.000000 -1.000000 0.000000 0.001000
@stroke-material
0.22 0.81 0.2
0.000000 0.823529 1.000000 1.000000
0.000000 20.000000 8.000000 1.000000
1.000000 1.000000 1.000000 1.000000
@stroke-edits 1
0.078480 0.174320 -0.140880/0.050000 0.010000 0.010000 0.010000/0.300643 0.221812 -0.321899 0.869939/
@stroke 107 0 0
0.000000 -1.000000 0.000000 0.001000
@stroke-material
0.22 0.81 0.2
0.000000 0.823529 1.000000 1.000000
0.000000 20.000000 8.000000 1.000000
1.000000 1.000000 1.000000 1.000000
@stroke-edits 1
0.198440 0.073080 -0.068760/0.050000 0.010000 0.010000 0.010000/-0.108457 -0.333650 -0.004332 0.936427/
@stroke 108 0 0
0.000000 -1.000000 0.000000 0.001000
@stroke-material
0.22 0.81 0.2
0.000000 0.823529 1.000000 1.000000
0.000000 20.000000 8.000000 1.000000
1.000000 1.000000 1.000000 1.000000
@stroke-edits 1
-0.104360 0.017440 -0.006920/0.050000 0.010000 0.010000 0.010000/-0.319319 -0.177355 -0.073567 0.927992/
@stroke 109 0 0
0.000000 -1.000000 0.000000 0.001000
@stroke-material
0.22 0.81 0.2
0.000000 0.823529 1.000000 1.000000
0.000000 20.000000 8.000000 1.000000
1.000000 1.000000 1.000000 1.000000
@stroke-edits 1
0.096840 -0.104720 -0.188320/0.050000 0.010000 0.010000 0.010000/-0.202391 -0.174635 -0.416078 0.869149/
@stroke 110 0 0
0.000000 -1.000000 0.000000 0.001000
@stroke-material
0.22 0.81 0.2
0.000000 0.823529 1.000000 1.000000
0.000000 20.000000 8.000000 1.000000
1.000000 1.000000 1.000000 1.000000
@stroke-edits 1
-0.009160 -0.130960 0.017880/0.050000 0.010000 0.010000 0.010000/0.356867 -0.063601 0.354804 0.861809/
@stroke 111 0 0
0.000000 -1.000000 0.000000 0.001000
@stroke-material
0.22 0.81 0.2
0.000000 0.823529 1.000000 1.000000
0.000000 20.000000 8.000000 1.000000
1.000000 1.000000 1.000000 1.000000
@stroke-edits 1
0.081400 0.051960 0.026680/0.050000 0.010000 0.010000 0.010000/0.044426 0.069924 -0.406512 0.909882/
@stroke 112 0 0
0.000000 -1.000000 0.000000 0.001000
@stroke-material
0.22 0.81 0.2
0.000000 0.823529 1.000000 1.000000
0.000000 20.000000 8.000000 1.000000
1.000000 1.000000 1.000000 1.000000
@stroke-edits 1
0.106920 -0.186680 -0.147120/0.050000 0.010000 0.010000 0.010000/0.409210 0.117242 -0.267084 0.864562/
